image: limo.pgm
resolution: 0.050000
origin: [-4.900368, -1.350000, 0.000000]
negate: 0
occupied_thresh: 0.65
free_thresh: 0.196

