image: limon.pgm
resolution: 0.050000
origin: [-0.762008, -1.213571, 0.000000]
negate: 0
occupied_thresh: 0.65
free_thresh: 0.196

